  0.99840159840755294       0.25174826179831655     
  0.99760239761132941       0.25154849195245643     
  0.99680319681510587       0.25134732505717278     
  0.99600399601888223       0.25114631774514395     
  0.99520479522265870       0.25094547113287891     
  0.99440559442643517       0.25074478509301340     
  0.99360639363021164       0.25054425949729053     
  0.99280719283398811       0.25034389421755482     
  0.99200799203776457       0.25014368912575285     
  0.99120879124154104       0.24994364409393321     
  0.99040959044531751       0.24974375899424642     
  0.98961038964909398       0.24954403369894484     
  0.98881118885287034       0.24934446808038263     
  0.98801198805664681       0.24914506201101558     
  0.98721278726042327       0.24894581536340110     
  0.98641358646419974       0.24874672801019815     
  0.98561438566797621       0.24854779982416711     
  0.98481518487175268       0.24834903067816971     
  0.98401598407552915       0.24815042044516900     
  0.98321678327930562       0.24795196899822919     
  0.98241758248308197       0.24775367621051567     
  0.98161838168685844       0.24755554195529481     
  0.98081918089063491       0.24735756610593396     
  0.98001998009441138       0.24715974853590136     
  0.97922077929818785       0.24696208911876608     
  0.97842157850196432       0.24676458772819787     
  0.97762237770574079       0.24656724423796714     
  0.97682317690951725       0.24637005852194488     
  0.97602397611329372       0.24617303045410255     
  0.97522477531707008       0.24597615990851202     
  0.97442557452084655       0.24577944675934549     
  0.97362637372462302       0.24558289088087540     
  0.97282717292839949       0.24538649214747435     
  0.97202797213217595       0.24519025043361503     
  0.97122877133595242       0.24499416561387019     
  0.97042957053972889       0.24479823756291244     
  0.96963036974350536       0.24460246615551426     
  0.96883116894728172       0.24440685126654793     
  0.96803196815105819       0.24421139277098539     
  0.96723276735483465       0.24401609054389822     
  0.96643356655861112       0.24382094446045752     
  0.96563436576238759       0.24362595439593387     
  0.96483516496616406       0.24343112022569721     
  0.96403596416994053       0.24323644182521678     
  0.96323676337371700       0.24304191907006104     
  0.96243756257749347       0.24284755183589760     
  0.96163836178126982       0.24265333999849312     
  0.96083916098504629       0.24245928343371329     
  0.96003996018882276       0.24226538201752265     
  0.95924075939259923       0.24207163562598463     
  0.95844155859637570       0.24187804413526137     
  0.95764235780015217       0.24168460742161368     
  0.95684315700392863       0.24149132536140100     
  0.95604395620770510       0.24129819783108125     
  0.95524475541148157       0.24110522470721080     
  0.95444555461525793       0.24091240586644441     
  0.95364635381903440       0.24071974118553510     
  0.95284715302281087       0.24052723054133410     
  0.95204795222658734       0.24033487381079077     
  0.95124875143036380       0.24014267087095253     
  0.95044955063414027       0.23995062159896474     
  0.94965034983791674       0.23975872587207070     
  0.94885114904169321       0.23956698356761152     
  0.94805194824546968       0.23937539456302603     
  0.94725274744924604       0.23918395873585074     
  0.94645354665302250       0.23899267596371976     
  0.94565434585679897       0.23880154612436466     
  0.94485514506057544       0.23861056909561451     
  0.94405594426435191       0.23841974475539568     
  0.94325674346812838       0.23822907298173185     
  0.94245754267190485       0.23803855365274387     
  0.94165834187568132       0.23784818664664978     
  0.94085914107945778       0.23765797184176460     
  0.94005994028323414       0.23746790911650034     
  0.93926073948701061       0.23727799834936594     
  0.93846153869078708       0.23708823941896709     
  0.93766233789456355       0.23689863220400628     
  0.93686313709834002       0.23670917658328267     
  0.93606393630211648       0.23651987243569195     
  0.93526473550589295       0.23633071964022637     
  0.93446553470966931       0.23614171807597459     
  0.93366633391344578       0.23595286762212167     
  0.93286713311722225       0.23576416815794890     
  0.93206793232099872       0.23557561956283379     
  0.93126873152477518       0.23538722171625001     
  0.93046953072855165       0.23519897449776728     
  0.92967032993232812       0.23501087778705124     
  0.92887112913610459       0.23482293146386352     
  0.92807192833988106       0.23463513540806152     
  0.92727272754365742       0.23444748949959840     
  0.92647352674743388       0.23425999361852301     
  0.92567432595121035       0.23407264764497979     
  0.92487512515498682       0.23388545145920869     
  0.92407592435876329       0.23369840494154515     
  0.92327672356253976       0.23351150797241993     
  0.92247752276631623       0.23332476043235911     
  0.92167832197009270       0.23313816220198402     
  0.92087912117386916       0.23295171316201110     
  0.92007992037764552       0.23276541319325189     
  0.91928071958142199       0.23257926217661287     
  0.91848151878519846       0.23239325999309551     
  0.91768231798897493       0.23220740652379609     
  0.91688311719275140       0.23202170164990568     
  0.91608391639652786       0.23183614525271001     
  0.91528471560030433       0.23165073721358947     
  0.91448551480408080       0.23146547741401896     
  0.91368631400785727       0.23128036573556790     
  0.91288711321163363       0.23109540205990003     
  0.91208791241541010       0.23091058626877350     
  0.91128871161918656       0.23072591824404065     
  0.91048951082296303       0.23054139786764802     
  0.90969031002673950       0.23035702502163621     
  0.90889110923051597       0.23017279958813988     
  0.90809190843429244       0.22998872144938765     
  0.90729270763806891       0.22980479048770194     
  0.90649350684184538       0.22962100658549908     
  0.90569430604562173       0.22943736962528904     
  0.90489510524939820       0.22925387948967549     
  0.90409590445317467       0.22907053606135563     
  0.90329670365695114       0.22888733922312021     
  0.90249750286072761       0.22870428885785338     
  0.90169830206450408       0.22852138484853265     
  0.90089910126828054       0.22833862707822883     
  0.90009990047205701       0.22815601543010591     
  0.89930069967583348       0.22797354978742104     
  0.89850149887960984       0.22779123003352444     
  0.89770229808338631       0.22760905605185927     
  0.89690309728716278       0.22742702772596163     
  0.89610389649093924       0.22724514493946046     
  0.89530469569471571       0.22706340757607749     
  0.89450549489849218       0.22688181551962711     
  0.89370629410226865       0.22670036865401633     
  0.89290709330604501       0.22651906686324469     
  0.89210789250982159       0.22633791003140427     
  0.89130869171359794       0.22615689804267947     
  0.89050949091737441       0.22597603078134706     
  0.88971029012115088       0.22579530813177606     
  0.88891108932492735       0.22561472997842766     
  0.88811188852870382       0.22543429620585514     
  0.88731268773248029       0.22525400669870385     
  0.88651348693625676       0.22507386134171109     
  0.88571428614003311       0.22489386001970604     
  0.88491508534380958       0.22471400261760971     
  0.88411588454758605       0.22453428902043482     
  0.88331668375136252       0.22435471911328578     
  0.88251748295513899       0.22417529278135861     
  0.88171828215891546       0.22399600990994087     
  0.88091908136269192       0.22381687038441150     
  0.88011988056646839       0.22363787409024091     
  0.87932067977024486       0.22345902091299075     
  0.87852147897402122       0.22328031073831392     
  0.87772227817779769       0.22310174345195452     
  0.87692307738157416       0.22292331893974771     
  0.87612387658535062       0.22274503708761964     
  0.87532467578912709       0.22256689778158747     
  0.87452547499290356       0.22238890090775923     
  0.87372627419668003       0.22221104635233369     
  0.87292707340045650       0.22203333400160039     
  0.87212787260423297       0.22185576374193952     
  0.87132867180800933       0.22167833545982188     
  0.87052947101178579       0.22150104904180876     
  0.86973027021556226       0.22132390437455191     
  0.86893106941933873       0.22114690134479342     
  0.86813186862311520       0.22097003983936575     
  0.86733266782689167       0.22079331974519151     
  0.86653346703066814       0.22061674094928352     
  0.86573426623444460       0.22044030333874465     
  0.86493506543822107       0.22026400680076780     
  0.86413586464199743       0.22008785122263583     
  0.86333666384577390       0.21991183649172144     
  0.86253746304955037       0.21973596249548719     
  0.86173826225332684       0.21956022912148526     
  0.86093906145710331       0.21938463625735760     
  0.86013986066087977       0.21920918379083570     
  0.85934065986465624       0.21903387160974058     
  0.85854145906843260       0.21885869960198268     
  0.85774225827220918       0.21868366765556180     
  0.85694305747598554       0.21850877565856711     
  0.85614385667976201       0.21833402349917697     
  0.85534465588353847       0.21815941106565889     
  0.85454545508731494       0.21798493824636953     
  0.85374625429109141       0.21781060492975451     
  0.85294705349486788       0.21763641100434841     
  0.85214785269864435       0.21746235635877473     
  0.85134865190242071       0.21728844088174573     
  0.85054945110619729       0.21711466446206246     
  0.84975025030997364       0.21694102698861459     
  0.84895104951375011       0.21676752835038041     
  0.84815184871752658       0.21659416843642673     
  0.84735264792130305       0.21642094713590884     
  0.84655344712507952       0.21624786433807042     
  0.84575424632885599       0.21607491993224343     
  0.84495504553263245       0.21590211380784810     
  0.84415584473640881       0.21572944585439285     
  0.84335664394018539       0.21555691596147419     
  0.84255744314396175       0.21538452401877670     
  0.84175824234773822       0.21521226991607287     
  0.84095904155151469       0.21504015354322314     
  0.84015984075529115       0.21486817479017578     
  0.83936063995906762       0.21469633354696677     
  0.83856143916284409       0.21452462970371983     
  0.83776223836662056       0.21435306315064628     
  0.83696303757039692       0.21418163377804503     
  0.83616383677417350       0.21401034147630241     
  0.83536463597794985       0.21383918613589217     
  0.83456543518172632       0.21366816764737545     
  0.83376623438550279       0.21349728590140063     
  0.83296703358927926       0.21332654078870331     
  0.83216783279305573       0.21315593220010620     
  0.83136863199683220       0.21298546002651911     
  0.83056943120060867       0.21281512415893883     
  0.82977023040438502       0.21264492448844907     
  0.82897102960816149       0.21247486090622042     
  0.82817182881193796       0.21230493330351025     
  0.82737262801571443       0.21213514157166266     
  0.82657342721949090       0.21196548560210840     
  0.82577422642326737       0.21179596528636480     
  0.82497502562704383       0.21162658051603567     
  0.82417582483082030       0.21145733118281135     
  0.82337662403459677       0.21128821717846849     
  0.82257742323837313       0.21111923839487007     
  0.82177822244214960       0.21095039472396532     
  0.82097902164592607       0.21078168605778966     
  0.82017982084970253       0.21061311228846458     
  0.81938062005347900       0.21044467330819761     
  0.81858141925725547       0.21027636900928226     
  0.81778221846103194       0.21010819928409794     
  0.81698301766480830       0.20994016402510990     
  0.81618381686858488       0.20977226312486916     
  0.81538461607236123       0.20960449647601240     
  0.81458541527613770       0.20943686397126196     
  0.81378621447991417       0.20926936550342573     
  0.81298701368369064       0.20910200096539711     
  0.81218781288746711       0.20893477025015489     
  0.81138861209124358       0.20876767325076323     
  0.81058941129502005       0.20860070986037160     
  0.80979021049879640       0.20843387997221469     
  0.80899100970257298       0.20826718347961229     
  0.80819180890634934       0.20810062027596934     
  0.80739260811012581       0.20793419025477580     
  0.80659340731390228       0.20776789330960654     
  0.80579420651767875       0.20760172933412133     
  0.80499500572145521       0.20743569822206476     
  0.80419580492523168       0.20726979986726618     
  0.80339660412900815       0.20710403416363962     
  0.80259740333278451       0.20693840100518371     
  0.80179820253656109       0.20677290028598164     
  0.80099900174033745       0.20660753190020106     
  0.80019980094411391       0.20644229574209408     
  0.79940060014789038       0.20627719170599709     
  0.79860139935166685       0.20611221968633084     
  0.79780219855544332       0.20594737957760023     
  0.79700299775921979       0.20578267127439434     
  0.79620379696299626       0.20561809467138631     
  0.79540459616677262       0.20545364966333332     
  0.79460539537054919       0.20528933614507647     
  0.79380619457432555       0.20512515401154074     
  0.79300699377810202       0.20496110315773494     
  0.79220779298187849       0.20479718347875162     
  0.79140859218565496       0.20463339486976700     
  0.79060939138943143       0.20446973722604095     
  0.78981019059320789       0.20430621044291686     
  0.78901098979698436       0.20414281441582158     
  0.78821178900076072       0.20397954904026541     
  0.78741258820453719       0.20381641421184199     
  0.78661338740831366       0.20365340982622826     
  0.78581418661209013       0.20349053577918433     
  0.78501498581586659       0.20332779196655351     
  0.78421578501964306       0.20316517828426217     
  0.78341658422341953       0.20300269462831969     
  0.78261738342719600       0.20284034089481842     
  0.78181818263097247       0.20267811697993363     
  0.78101898183474883       0.20251602277992334     
  0.78021978103852530       0.20235405819112837     
  0.77942058024230176       0.20219222310997223     
  0.77862137944607823       0.20203051743296102     
  0.77782217864985470       0.20186894105668346     
  0.77702297785363117       0.20170749387781070     
  0.77622377705740764       0.20154617579309639     
  0.77542457626118400       0.20138498669937646     
  0.77462537546496057       0.20122392649356918     
  0.77382617466873693       0.20106299507267508     
  0.77302697387251340       0.20090219233377679     
  0.77222777307628987       0.20074151817403910     
  0.77142857228006634       0.20058097249070880     
  0.77062937148384281       0.20042055518111468     
  0.76983017068761928       0.20026026614266743     
  0.76903096989139574       0.20010010527285954     
  0.76823176909517210       0.19994007246926535     
  0.76743256829894868       0.19978016762954082     
  0.76663336750272504       0.19962039065142365     
  0.76583416670650151       0.19946074143273307     
  0.76503496591027798       0.19930121987136984     
  0.76423576511405444       0.19914182586531615     
  0.76343656431783091       0.19898255931263562     
  0.76263736352160738       0.19882342011147314     
  0.76183816272538385       0.19866440816005490     
  0.76103896192916021       0.19850552335668831     
  0.76023976113293679       0.19834676559976183     
  0.75944056033671314       0.19818813478774502     
  0.75864135954048961       0.19802963081918848     
  0.75784215874426608       0.19787125359272370     
  0.75704295794804255       0.19771300300706307     
  0.75624375715181902       0.19755487896099977     
  0.75544455635559549       0.19739688135340772     
  0.75464535555937196       0.19723901008324152     
  0.75384615476314831       0.19708126504953641     
  0.75304695396692489       0.19692364615140817     
  0.75224775317070125       0.19676615328805305     
  0.75144855237447772       0.19660878635874776     
  0.75064935157825419       0.19645154526284933     
  0.74985015078203066       0.19629442989979512     
  0.74905094998580712       0.19613744016910270     
  0.74825174918958348       0.19598057597036983     
  0.74745254839336006       0.19582383720327434     
  0.74665334759713642       0.19566722376757414     
  0.74585414680091300       0.19551073556310711     
  0.74505494600468936       0.19535437248979104     
  0.74425574520846582       0.19519813444762354     
  0.74345654441224229       0.19504202133668208     
  0.74265734361601876       0.19488603305712379     
  0.74185814281979523       0.19473016950918548     
  0.74105894202357159       0.19457443059318355     
  0.74025974122734817       0.19441881620951396     
  0.73946054043112452       0.19426332625865214     
  0.73866133963490110       0.19410796064115290     
  0.73786213883867746       0.19395271925765042     
  0.73706293804245393       0.19379760200885815     
  0.73626373724623040       0.19364260879556874     
  0.73546453645000687       0.19348773951865406     
  0.73466533565378334       0.19333299407906501     
  0.73386613485755969       0.19317837237783156     
  0.73306693406133627       0.19302387431606263     
  0.73226773326511263       0.19286949979494605     
  0.73146853246888921       0.19271524871574849     
  0.73066933167266557       0.19256112097981543     
  0.72987013087644204       0.19240711648857101     
  0.72907093008021850       0.19225323514351805     
  0.72827172928399497       0.19209947684623799     
  0.72747252848777144       0.19194584149839078     
  0.72667332769154780       0.19179232900171483     
  0.72587412689532438       0.19163893925802697     
  0.72507492609910074       0.19148567216922235     
  0.72427572530287720       0.19133252763727443     
  0.72347652450665367       0.19117950556423488     
  0.72267732371043014       0.19102660585223352     
  0.72187812291420661       0.19087382840347827     
  0.72107892211798308       0.19072117312025508     
  0.72027972132175955       0.19056863990492787     
  0.71948052052553590       0.19041622865993846     
  0.71868131972931248       0.19026393928780655     
  0.71788211893308884       0.19011177169112961     
  0.71708291813686531       0.18995972577258283     
  0.71628371734064178       0.18980780143491904     
  0.71548451654441825       0.18965599858096871     
  0.71468531574819472       0.18950431711363980     
  0.71388611495197107       0.18935275693591780     
  0.71308691415574765       0.18920131795086559     
  0.71228771335952401       0.18905000006162340     
  0.71148851256330059       0.18889880317140875     
  0.71068931176707695       0.18874772718351640     
  0.70989011097085342       0.18859677200131830     
  0.70909091017462988       0.18844593752826347     
  0.70829170937840635       0.18829522366787799     
  0.70749250858218282       0.18814463032376494     
  0.70669330778595918       0.18799415739960432     
  0.70589410698973576       0.18784380479915297     
  0.70509490619351212       0.18769357242624457     
  0.70429570539728870       0.18754346018478951     
  0.70349650460106505       0.18739346797877487     
  0.70269730380484152       0.18724359571226437     
  0.70189810300861799       0.18709384328939827     
  0.70109890221239446       0.18694421061439331     
  0.70029970141617093       0.18679469759154271     
  0.69950050061994729       0.18664530412521604     
  0.69870129982372386       0.18649603011985919     
  0.69790209902750022       0.18634687547999429     
  0.69710289823127680       0.18619784011021970     
  0.69630369743505316       0.18604892391520989     
  0.69550449663882963       0.18590012679971540     
  0.69470529584260610       0.18575144866856283     
  0.69390609504638256       0.18560288942665465     
  0.69310689425015903       0.18545444897896929     
  0.69230769345393539       0.18530612723056097     
  0.69150849265771197       0.18515792408655973     
  0.69070929186148833       0.18500983945217128     
  0.68991009106526491       0.18486187323267700     
  0.68911089026904127       0.18471402533343384     
  0.68831168947281773       0.18456629565987431     
  0.68751248867659420       0.18441868411750639     
  0.68671328788037067       0.18427119061191347     
  0.68591408708414714       0.18412381504875425     
  0.68511488628792350       0.18397655733376278     
  0.68431568549170008       0.18382941737274830     
  0.68351648469547643       0.18368239507159526     
  0.68271728389925301       0.18353549033626318     
  0.68191808310302937       0.18338870307278668     
  0.68111888230680584       0.18324203318727533     
  0.68031968151058231       0.18309548058591366     
  0.67952048071435878       0.18294904517496105     
  0.67872127991813525       0.18280272686075172     
  0.67792207912191160       0.18265652554969464     
  0.67712287832568818       0.18251044114827347     
  0.67632367752946454       0.18236447356304650     
  0.67552447673324101       0.18221862270064659     
  0.67472527593701748       0.18207288846778116     
  0.67392607514079395       0.18192727077123205     
  0.67312687434457041       0.18178176951785552     
  0.67232767354834688       0.18163638461458212     
  0.67152847275212335       0.18149111596841677     
  0.67072927195589971       0.18134596348643853     
  0.66993007115967629       0.18120092707580066     
  0.66913087036345265       0.18105600664373053     
  0.66833166956722911       0.18091120209752956     
  0.66753246877100558       0.18076651334457311     
  0.66673326797478205       0.18062194029231052     
  0.66593406717855852       0.18047748284826495     
  0.66513486638233488       0.18033314092003344     
  0.66433566558611146       0.18018891441528673     
  0.66353646478988781       0.18004480324176925     
  0.66273726399366439       0.17990080730729907     
  0.66193806319744075       0.17975692651976785     
  0.66113886240121722       0.17961316078714076     
  0.66033966160499369       0.17946951001745645     
  0.65954046080877016       0.17932597411882695     
  0.65874126001254663       0.17918255299943758     
  0.65794205921632298       0.17903924656754705     
  0.65714285842009956       0.17889605473148723     
  0.65634365762387592       0.17875297739966317     
  0.65554445682765250       0.17861001448055303     
  0.65474525603142886       0.17846716588270800     
  0.65394605523520533       0.17832443151475230     
  0.65314685443898179       0.17818181128538305     
  0.65234765364275826       0.17803930510337027     
  0.65154845284653473       0.17789691287755680     
  0.65074925205031109       0.17775463451685825     
  0.64995005125408767       0.17761246993026289     
  0.64915085045786403       0.17747041902683169     
  0.64835164966164061       0.17732848171569818     
  0.64755244886541696       0.17718665790606841     
  0.64675324806919343       0.17704494750722091     
  0.64595404727296990       0.17690335042850666     
  0.64515484647674637       0.17676186657934895     
  0.64435564568052284       0.17662049586924339     
  0.64355644488429919       0.17647923820775782     
  0.64275724408807577       0.17633809350453228     
  0.64195804329185213       0.17619706166927893     
  0.64115884249562871       0.17605614261178198     
  0.64035964169940507       0.17591533624189773     
  0.63956044090318154       0.17577464246955435     
  0.63876124010695801       0.17563406120475195     
  0.63796203931073447       0.17549359235756246     
  0.63716283851451094       0.17535323583812959     
  0.63636363771828730       0.17521299155666881     
  0.63556443692206388       0.17507285942346726     
  0.63476523612584024       0.17493283934888365     
  0.63396603532961671       0.17479293124334827     
  0.63316683453339317       0.17465313501736293     
  0.63236763373716964       0.17451345058150086     
  0.63156843294094611       0.17437387784640668     
  0.63076923214472258       0.17423441672279633     
  0.62997003134849905       0.17409506712145700     
  0.62917083055227541       0.17395582895324718     
  0.62837162975605199       0.17381670212909645     
  0.62757242895982834       0.17367768656000548     
  0.62677322816360481       0.17353878215704605     
  0.62597402736738128       0.17339998883136085     
  0.62517482657115775       0.17326130649416357     
  0.62437562577493422       0.17312273505673875     
  0.62357642497871058       0.17298427443044176     
  0.62277722418248715       0.17284592452669872     
  0.62197802338626351       0.17270768525700644     
  0.62117882259004009       0.17256955653293243     
  0.62037962179381645       0.17243153826611476     
  0.61958042099759292       0.17229363036826206     
  0.61878122020136939       0.17215583275115340     
  0.61798201940514585       0.17201814532663834     
  0.61718281860892232       0.17188056800663676     
  0.61638361781269868       0.17174310070313886     
  0.61558441701647526       0.17160574332820513     
  0.61478521622025162       0.17146849579396625     
  0.61398601542402820       0.17133135801262303     
  0.61318681462780456       0.17119432989644640     
  0.61238761383158102       0.17105741135777730     
  0.61158841303535749       0.17092060230902664     
  0.61078921223913396       0.17078390266267532     
  0.60999001144291043       0.17064731233127403     
  0.60919081064668679       0.17051083122744329     
  0.60839160985046337       0.17037445926387343     
  0.60759240905423972       0.17023819635332441     
  0.60679320825801630       0.17010204240862589     
  0.60599400746179266       0.16996599734267712     
  0.60519480666556913       0.16983006106844684     
  0.60439560586934560       0.16969423349897331     
  0.60359640507312207       0.16955851454736420     
  0.60279720427689854       0.16942290412679659     
  0.60199800348067489       0.16928740215051680     
  0.60119880268445147       0.16915200853184045     
  0.60039960188822783       0.16901672318415240     
  0.59960040109200441       0.16888154602090660     
  0.59880120029578077       0.16874647695562614     
  0.59800199949955724       0.16861151590190310     
  0.59720279870333370       0.16847666277339859     
  0.59640359790711017       0.16834191748384264     
  0.59560439711088664       0.16820727994703413     
  0.59480519631466300       0.16807275007684080     
  0.59400599551843958       0.16793832778719914     
  0.59320679472221594       0.16780401299211434     
  0.59240759392599240       0.16766980560566025     
  0.59160839312976887       0.16753570554197933     
  0.59080919233354534       0.16740171271528256     
  0.59000999153732181       0.16726782703984946     
  0.58921079074109828       0.16713404843002796     
  0.58841158994487475       0.16700037680023438     
  0.58761238914865110       0.16686681206495335     
  0.58681318835242768       0.16673335413873780     
  0.58601398755620404       0.16660000293620886     
  0.58521478675998051       0.16646675837205585     
  0.58441558596375698       0.16633362036103619     
  0.58361638516753345       0.16620058881797536     
  0.58281718437130992       0.16606766365776685     
  0.58201798357508627       0.16593484479537207     
  0.58121878277886285       0.16580213214582035     
  0.58041958198263921       0.16566952562420886     
  0.57962038118641579       0.16553702514570257     
  0.57882118039019215       0.16540463062553415     
  0.57802197959396862       0.16527234197900398     
  0.57722277879774508       0.16514015912148006     
  0.57642357800152155       0.16500808196839795     
  0.57562437720529802       0.16487611043526074     
  0.57482517640907438       0.16474424443763899     
  0.57402597561285096       0.16461248389117067     
  0.57322677481662732       0.16448082871156106     
  0.57242757402040390       0.16434927881458281     
  0.57162837322418025       0.16421783411607579     
  0.57082917242795672       0.16408649453194707     
  0.57002997163173319       0.16395525997817087     
  0.56923077083550966       0.16382413037078850     
  0.56843157003928613       0.16369310562590828     
  0.56763236924306248       0.16356218565970554     
  0.56683316844683906       0.16343137038842254     
  0.56603396765061542       0.16330065972836838     
  0.56523476685439200       0.16317005359591905     
  0.56443556605816836       0.16303955190751726     
  0.56363636526194483       0.16290915457967245     
  0.56283716446572130       0.16277886152896073     
  0.56203796366949776       0.16264867267202482     
  0.56123876287327423       0.16251858792557397     
  0.56043956207705059       0.16238860720638398     
  0.55964036128082717       0.16225873043129707     
  0.55884116048460353       0.16212895751722187     
  0.55804195968838011       0.16199928838113334     
  0.55724275889215646       0.16186972294007279     
  0.55644355809593293       0.16174026111114770     
  0.55564435729970940       0.16161090281153179     
  0.55484515650348587       0.16148164795846487     
  0.55404595570726234       0.16135249646925287     
  0.55324675491103870       0.16122344826126772     
  0.55244755411481528       0.16109450325194738     
  0.55164835331859163       0.16096566135879567     
  0.55084915252236810       0.16083692249938233     
  0.55004995172614457       0.16070828659134290     
  0.54925075092992104       0.16057975355237866     
  0.54845155013369751       0.16045132330025669     
  0.54765234933747398       0.16032299575280964     
  0.54685314854125044       0.16019477082793582     
  0.54605394774502680       0.16006664844359908     
  0.54525474694880338       0.15993862851782881     
  0.54445554615257974       0.15981071096871982     
  0.54365634535635621       0.15968289571443234     
  0.54285714456013268       0.15955518267319194     
  0.54205794376390914       0.15942757176328948     
  0.54125874296768561       0.15930006290308107     
  0.54045954217146197       0.15917265601098804     
  0.53966034137523855       0.15904535100549685     
  0.53886114057901491       0.15891814780515903     
  0.53806193978279149       0.15879104632859117     
  0.53726273898656784       0.15866404649447485     
  0.53646353819034431       0.15853714822155657     
  0.53566433739412078       0.15841035142864773     
  0.53486513659789725       0.15828365603462455     
  0.53406593580167372       0.15815706195842802     
  0.53326673500545008       0.15803056911906388     
  0.53246753420922666       0.15790417743560256     
  0.53166833341300301       0.15777788682717908     
  0.53086913261677959       0.15765169721299305     
  0.53006993182055595       0.15752560851230860     
  0.52927073102433242       0.15739962064445431     
  0.52847153022810889       0.15727373352882326     
  0.52767232943188536       0.15714794708487281     
  0.52687312863566182       0.15702226123212468     
  0.52607392783943818       0.15689667589016484     
  0.52527472704321476       0.15677119097864350     
  0.52447552624699112       0.15664580641727502     
  0.52367632545076770       0.15652052212583786     
  0.52287712465454406       0.15639533802417457     
  0.52207792385832053       0.15627025403219169     
  0.52127872306209699       0.15614527006985970     
  0.52047952226587346       0.15602038605721305     
  0.51968032146964993       0.15589560191435001     
  0.51888112067342629       0.15577091756143266     
  0.51808191987720287       0.15564633291868682     
  0.51728271908097923       0.15552184790640206     
  0.51648351828475580       0.15539746244493158     
  0.51568431748853216       0.15527317645469219     
  0.51488511669230863       0.15514898985616424     
  0.51408591589608510       0.15502490256989157     
  0.51328671509986157       0.15490091451648152     
  0.51248751430363804       0.15477702561660484     
  0.51168831350741439       0.15465323579099555     
  0.51088911271119097       0.15452954496045104     
  0.51008991191496733       0.15440595304583196     
  0.50929071111874380       0.15428245996806211     
  0.50849151032252027       0.15415906564812848     
  0.50769230952629674       0.15403577000708113     
  0.50689310873007321       0.15391257296603317     
  0.50609390793384967       0.15378947444616076     
  0.50529470713762614       0.15366647436870295     
  0.50449550634140250       0.15354357265496174     
  0.50369630554517908       0.15342076922630193     
  0.50289710474895544       0.15329806400415116     
  0.50209790395273191       0.15317545690999981     
  0.50129870315650837       0.15305294786540094     
  0.50049950236028484       0.15293053679197027     
  0.49970030156406131       0.15280822361138613     
  0.49890110076783778       0.15268600824538939     
  0.49810189997161425       0.15256389061578340     
  0.49730269917539072       0.15244187064443401     
  0.49650349837916707       0.15231994825326944     
  0.49570429758294354       0.15219812336428026     
  0.49490509678672001       0.15207639589951935     
  0.49410589599049648       0.15195476578110181     
  0.49330669519427295       0.15183323293120499     
  0.49250749439804942       0.15171179727206838     
  0.49170829360182589       0.15159045872599355     
  0.49090909280560235       0.15146921721534415     
  0.49010989200937871       0.15134807266254580     
  0.48931069121315518       0.15122702499008611     
  0.48851149041693165       0.15110607412051458     
  0.48771228962070812       0.15098521997644257     
  0.48691308882448459       0.15086446248054325     
  0.48611388802826105       0.15074380155555153     
  0.48531468723203752       0.15062323712426406     
  0.48451548643581399       0.15050276910953911     
  0.48371628563959046       0.15038239743429660     
  0.48291708484336682       0.15026212202151798     
  0.48211788404714329       0.15014194279424622     
  0.48131868325091975       0.15002185967558576     
  0.48051948245469622       0.14990187258870247     
  0.47972028165847269       0.14978198145682356     
  0.47892108086224916       0.14966218620323754     
  0.47812188006602563       0.14954248675129425     
  0.47732267926980210       0.14942288302440468     
  0.47652347847357857       0.14930337494604104     
  0.47572427767735492       0.14918396243973661     
  0.47492507688113139       0.14906464542908582     
  0.47412587608490786       0.14894542383774403     
  0.47332667528868433       0.14882629758942767     
  0.47252747449246080       0.14870726660791403     
  0.47172827369623727       0.14858833081704131     
  0.47092907290001373       0.14846949014070851     
  0.47012987210379020       0.14835074450287544     
  0.46933067130756656       0.14823209382756264     
  0.46853147051134303       0.14811353803885133     
  0.46773226971511950       0.14799507706088336     
  0.46693306891889597       0.14787671081786119     
  0.46613386812267243       0.14775843923404777     
  0.46533466732644890       0.14764026223376661     
  0.46453546653022537       0.14752217974140161     
  0.46373626573400184       0.14740419168139710     
  0.46293706493777831       0.14728629797825771     
  0.46213786414155467       0.14716849855654843     
  0.46133866334533113       0.14705079334089444     
  0.46053946254910760       0.14693318225598118     
  0.45974026175288407       0.14681566522655420     
  0.45894106095666054       0.14669824217741920     
  0.45814186016043701       0.14658091303344190     
  0.45734265936421348       0.14646367771954805     
  0.45654345856798995       0.14634653616072338     
  0.45574425777176641       0.14622948828201349     
  0.45494505697554277       0.14611253400852389     
  0.45414585617931924       0.14599567326541990     
  0.45334665538309571       0.14587890597792660     
  0.45254745458687218       0.14576223207132882     
  0.45174825379064865       0.14564565147097103     
  0.45094905299442511       0.14552916410225736     
  0.45014985219820158       0.14541276989065152     
  0.44935065140197805       0.14529646876167676     
  0.44855145060575441       0.14518026064091580     
  0.44775224980953088       0.14506414545401081     
  0.44695304901330735       0.14494812312666336     
  0.44615384821708381       0.14483219358463434     
  0.44535464742086028       0.14471635675374397     
  0.44455544662463675       0.14460061255987169     
  0.44375624582841322       0.14448496092895619     
  0.44295704503218969       0.14436940178699526     
  0.44215784423596616       0.14425393506004586     
  0.44135864343974252       0.14413856067422395     
  0.44055944264351898       0.14402327855570457     
  0.43976024184729545       0.14390808863072166     
  0.43896104105107192       0.14379299082556815     
  0.43816184025484839       0.14367798506659579     
  0.43736263945862486       0.14356307128021520     
  0.43656343866240133       0.14344824939289574     
  0.43576423786617779       0.14333351933116553     
  0.43496503706995426       0.14321888102161137     
  0.43416583627373062       0.14310433439087872     
  0.43336663547750709       0.14298987936567159     
  0.43256743468128356       0.14287551587275260     
  0.43176823388506003       0.14276124383894281     
  0.43096903308883650       0.14264706319112178     
  0.43016983229261296       0.14253297385622743     
  0.42937063149638943       0.14241897576125606     
  0.42857143070016590       0.14230506883326233     
  0.42777222990394226       0.14219125299935909     
  0.42697302910771873       0.14207752818671748     
  0.42617382831149520       0.14196389432256679     
  0.42537462751527166       0.14185035133419441     
  0.42457542671904813       0.14173689914894586     
  0.42377622592282460       0.14162353769422464     
  0.42297702512660107       0.14151026689749233     
  0.42217782433037754       0.14139708668626835     
  0.42137862353415401       0.14128399698813007     
  0.42057942273793036       0.14117099773071273     
  0.41978022194170683       0.14105808884170934     
  0.41898102114548330       0.14094527024887066     
  0.41818182034925977       0.14083254188000521     
  0.41738261955303624       0.14071990366297915     
  0.41658341875681271       0.14060735552571627     
  0.41578421796058918       0.14049489739619789     
  0.41498501716436564       0.14038252920246294     
  0.41418581636814211       0.14027025087260778     
  0.41338661557191847       0.14015806233478620     
  0.41258741477569494       0.14004596351720944     
  0.41178821397947141       0.13993395434814601     
  0.41098901318324788       0.13982203475592178     
  0.41018981238702434       0.13971020466891984     
  0.40939061159080081       0.13959846401558051     
  0.40859141079457728       0.13948681272440128     
  0.40779220999835375       0.13937525072393675     
  0.40699300920213011       0.13926377794279857     
  0.40619380840590658       0.13915239430965542     
  0.40539460760968304       0.13904109975323303     
  0.40459540681345951       0.13892989420231397     
  0.40379620601723598       0.13881877758573777     
  0.40299700522101245       0.13870774983240078     
  0.40219780442478892       0.13859681087125614     
  0.40139860362856539       0.13848596063131374     
  0.40059940283234186       0.13837519904164025     
  0.39980020203611821       0.13826452603135891     
  0.39900100123989468       0.13815394152964963     
  0.39820180044367115       0.13804344546574890     
  0.39740259964744762       0.13793303776894972     
  0.39660339885122409       0.13782271836860155     
  0.39580419805500056       0.13771248719411036     
  0.39500499725877702       0.13760234417493847     
  0.39420579646255349       0.13749228924060453     
  0.39340659566632996       0.13738232232068354     
  0.39260739487010632       0.13727244334480673     
  0.39180819407388279       0.13716265224266155     
  0.39100899327765926       0.13705294894399164     
  0.39020979248143572       0.13694333337859674     
  0.38941059168521219       0.13683380547633264     
  0.38861139088898866       0.13672436516711126     
  0.38781219009276513       0.13661501238090043     
  0.38701298929654160       0.13650574704772395     
  0.38621378850031807       0.13639656909766154     
  0.38541458770409442       0.13628747846084877     
  0.38461538690787089       0.13617847506747699     
  0.38381618611164736       0.13606955884779334     
  0.38301698531542383       0.13596072973210072     
  0.38221778451920030       0.13585198765075765     
  0.38141858372297677       0.13574333253417833     
  0.38061938292675324       0.13563476431283253     
  0.37982018213052970       0.13552628291724558     
  0.37902098133430606       0.13541788827799828     
  0.37822178053808253       0.13530958032572693     
  0.37742257974185900       0.13520135899112320     
  0.37662337894563547       0.13509322420493419     
  0.37582417814941194       0.13498517589796227     
  0.37502497735318840       0.13487721400106512     
  0.37422577655696487       0.13476933844515565     
  0.37342657576074134       0.13466154916120196     
  0.37262737496451781       0.13455384608022730     
  0.37182817416829417       0.13444622913331003     
  0.37102897337207064       0.13433869825158357     
  0.37022977257584710       0.13423125336623634     
  0.36943057177962357       0.13412389440851177     
  0.36863137098340004       0.13401662130970821     
  0.36783217018717651       0.13390943400117886     
  0.36703296939095298       0.13380233241433181     
  0.36623376859472945       0.13369531648062993     
  0.36543456779850592       0.13358838613159085     
  0.36463536700228227       0.13348154129878689     
  0.36383616620605874       0.13337478191384505     
  0.36303696540983521       0.13326810790844698     
  0.36223776461361168       0.13316151921432887     
  0.36143856381738815       0.13305501576328146     
  0.36063936302116462       0.13294859748715002     
  0.35984016222494108       0.13284226431783422     
  0.35904096142871755       0.13273601618728814     
  0.35824176063249391       0.13262985302752026     
  0.35744255983627038       0.13252377477059335     
  0.35664335904004685       0.13241778134862450     
  0.35584415824382332       0.13231187269378497     
  0.35504495744759978       0.13220604873830025     
  0.35424575665137625       0.13210030941444997     
  0.35344655585515272       0.13199465465456786     
  0.35264735505892919       0.13188908439104172     
  0.35184815426270566       0.13178359855631336     
  0.35104895346648202       0.13167819708287856     
  0.35024975267025849       0.13157287990328706     
  0.34945055187403495       0.13146764695014243     
  0.34865135107781142       0.13136249815610215     
  0.34785215028158789       0.13125743345387747     
  0.34705294948536436       0.13115245277623341     
  0.34625374868914083       0.13104755605598872     
  0.34545454789291730       0.13094274322601579     
  0.34465534709669376       0.13083801421924066     
  0.34385614630047012       0.13073336896864293     
  0.34305694550424659       0.13062880740725583     
  0.34225774470802306       0.13052432946816600     
  0.34145854391179953       0.13041993508451358     
  0.34065934311557600       0.13031562418949214     
  0.33986014231935247       0.13021139671634860     
  0.33906094152312893       0.13010725259838324     
  0.33826174072690540       0.13000319176894962     
  0.33746253993068176       0.12989921416145453     
  0.33666333913445823       0.12979531970935798     
  0.33586413833823470       0.12969150834617316     
  0.33506493754201117       0.12958778000546634     
  0.33426573674578763       0.12948413462085689     
  0.33346653594956410       0.12938057212601725     
  0.33266733515334057       0.12927709245467278     
  0.33186813435711704       0.12917369554060187     
  0.33106893356089351       0.12907038131763576     
  0.33026973276466987       0.12896714971965859     
  0.32947053196844633       0.12886400068060730     
  0.32867133117222280       0.12876093413447165     
  0.32787213037599927       0.12865795001529412     
  0.32707292957977574       0.12855504825716987     
  0.32627372878355221       0.12845222879424675     
  0.32547452798732868       0.12834949156072520     
  0.32467532719110515       0.12824683649085822     
  0.32387612639488161       0.12814426351895139     
  0.32307692559865797       0.12804177257936275     
  0.32227772480243444       0.12793936360650279     
  0.32147852400621091       0.12783703653483439     
  0.32067932320998738       0.12773479129887283     
  0.31988012241376385       0.12763262783318566     
  0.31908092161754031       0.12753054607239275     
  0.31828172082131678       0.12742854595116623     
  0.31748252002509325       0.12732662740423037     
  0.31668331922886961       0.12722479036636161     
  0.31588411843264608       0.12712303477238854     
  0.31508491763642255       0.12702136055719176     
  0.31428571684019901       0.12691976765570398     
  0.31348651604397548       0.12681825600290983     
  0.31268731524775195       0.12671682553384592     
  0.31188811445152842       0.12661547618360075     
  0.31108891365530489       0.12651420788731471     
  0.31028971285908136       0.12641302058017997     
  0.30949051206285771       0.12631191419744053     
  0.30869131126663418       0.12621088867439212     
  0.30789211047041065       0.12610994394638214     
  0.30709290967418712       0.12600907994880969     
  0.30629370887796359       0.12590829661712544     
  0.30549450808174006       0.12580759388683169     
  0.30469530728551653       0.12570697169348222     
  0.30389610648929299       0.12560642997268234     
  0.30309690569306946       0.12550596866008881     
  0.30229770489684582       0.12540558769140980     
  0.30149850410062229       0.12530528700240481     
  0.30069930330439876       0.12520506652888475     
  0.29990010250817523       0.12510492620671174     
  0.29910090171195169       0.12500486597179919     
  0.29830170091572816       0.12490488576011173     
  0.29750250011950463       0.12480498550766511     
  0.29670329932328110       0.12470516515052625     
  0.29590409852705746       0.12460542462481312     
  0.29510489773083393       0.12450576386669476     
  0.29430569693461039       0.12440618281239120     
  0.29350649613838686       0.12430668139817343     
  0.29270729534216333       0.12420725956036335     
  0.29190809454593980       0.12410791723533379     
  0.29110889374971627       0.12400865435950838     
  0.29030969295349274       0.12390947086936155     
  0.28951049215726921       0.12381036670141850     
  0.28871129136104556       0.12371134179225514     
  0.28791209056482203       0.12361239607849808     
  0.28711288976859850       0.12351352949682455     
  0.28631368897237497       0.12341474198396239     
  0.28551448817615144       0.12331603347668998     
  0.28471528737992791       0.12321740391183623     
  0.28391608658370437       0.12311885322628054     
  0.28311688578748084       0.12302038135695270     
  0.28231768499125731       0.12292198824083295     
  0.28151848419503367       0.12282367381495185     
  0.28071928339881014       0.12272543801639030     
  0.27992008260258661       0.12262728078227947     
  0.27912088180636307       0.12252920204980075     
  0.27832168101013954       0.12243120175618574     
  0.27752248021391601       0.12233327983871621     
  0.27672327941769248       0.12223543623472402     
  0.27592407862146895       0.12213767088159111     
  0.27512487782524531       0.12203998371674946     
  0.27432567702902177       0.12194237467768106     
  0.27352647623279824       0.12184484370191782     
  0.27272727543657471       0.12174739072704162     
  0.27192807464035118       0.12165001569068416     
  0.27112887384412765       0.12155271853052703     
  0.27032967304790412       0.12145549918430157     
  0.26953047225168059       0.12135835758978890     
  0.26873127145545705       0.12126129368481986     
  0.26793207065923341       0.12116430740727496     
  0.26713286986300988       0.12106739869508436     
  0.26633366906678635       0.12097056748622780     
  0.26553446827056282       0.12087381371873460     
  0.26473526747433929       0.12077713733068357     
  0.26393606667811575       0.12068053826020304     
  0.26313686588189222       0.12058401644547075     
  0.26233766508566869       0.12048757182471384     
  0.26153846428944516       0.12039120433620884     
  0.26073926349322152       0.12029491391828158     
  0.25994006269699799       0.12019870050930717     
  0.25914086190077446       0.12010256404770998     
  0.25834166110455092       0.12000650447196358     
  0.25754246030832739       0.11991052172059070     
  0.25674325951210386       0.11981461573216320     
  0.25594405871588033       0.11971878644530203     
  0.25514485791965680       0.11962303379867716     
  0.25434565712343316       0.11952735773100760     
  0.25354645632720962       0.11943175818106133     
  0.25274725553098609       0.11933623508765526     
  0.25194805473476256       0.11924078838965516     
  0.25114885393853903       0.11914541802597568     
  0.25034965314231550       0.11905012393558030     
  0.24955045234609197       0.11895490605748124     
  0.24875125154986844       0.11885976433073947     
  0.24795205075364490       0.11876469869446465     
  0.24715284995742126       0.11866970908781511     
  0.24635364916119773       0.11857479544999780     
  0.24555444836497420       0.11847995772026822     
  0.24475524756875067       0.11838519583793045     
  0.24395604677252714       0.11829050974233705     
  0.24315684597630360       0.11819589937288907     
  0.24235764518008007       0.11810136466903597     
  0.24155844438385654       0.11800690557027557     
  0.24075924358763301       0.11791252201615407     
  0.23996004279140937       0.11781821394626599     
  0.23916084199518584       0.11772398130025408     
  0.23836164119896230       0.11762982401780936     
  0.23756244040273877       0.11753574203867102     
  0.23676323960651524       0.11744173530262644     
  0.23596403881029171       0.11734780374951108     
  0.23516483801406818       0.11725394731920848     
  0.23436563721784465       0.11716016595165024     
  0.23356643642162100       0.11706645958681597     
  0.23276723562539747       0.11697282816473321     
  0.23196803482917394       0.11687927162547747     
  0.23116883403295041       0.11678578990917210     
  0.23036963323672688       0.11669238295598834     
  0.22957043244050335       0.11659905070614522     
  0.22877123164427982       0.11650579309990954     
  0.22797203084805628       0.11641261007759583     
  0.22717283005183275       0.11631950157956636     
  0.22637362925560911       0.11622646754623100     
  0.22557442845938558       0.11613350791804729     
  0.22477522766316205       0.11604062263552031     
  0.22397602686693852       0.11594781163920272     
  0.22317682607071498       0.11585507486969467     
  0.22237762527449145       0.11576241226764376     
  0.22157842447826792       0.11566982377374507     
  0.22077922368204439       0.11557730932874104     
  0.21998002288582086       0.11548486887342146     
  0.21918082208959722       0.11539250234862347     
  0.21838162129337368       0.11530020969523146     
  0.21758242049715015       0.11520799085417706     
  0.21678321970092662       0.11511584576643913     
  0.21598401890470309       0.11502377437304367     
  0.21518481810847956       0.11493177661506383     
  0.21438561731225603       0.11483985243361984     
  0.21358641651603250       0.11474800176987900     
  0.21278721571980885       0.11465622456505559     
  0.21198801492358532       0.11456452076041090     
  0.21118881412736179       0.11447289029725317     
  0.21038961333113826       0.11438133311693753     
  0.20959041253491473       0.11428984916086596     
  0.20879121173869120       0.11419843837048729     
  0.20799201094246766       0.11410710068729714     
  0.20719281014624413       0.11401583605283788     
  0.20639360935002060       0.11392464440869859     
  0.20559440855379696       0.11383352569651506     
  0.20479520775757343       0.11374247985796967     
  0.20399600696134990       0.11365150683479147     
  0.20319680616512636       0.11356060656875604     
  0.20239760536890283       0.11346977900168548     
  0.20159840457267930       0.11337902407544841     
  0.20079920377645577       0.11328834173195990     
  0.20000000298023224       0.11319773191318143     
