   1.9999999552965164E-002     1.0055297672638581     
   2.9999999329447746E-002     1.0111126138151880     
   3.9999999105930328E-002     1.0167479270279267     
   4.9999998882412910E-002     1.0224350962677016     
   5.9999998658895493E-002     1.0281735129937826     
   6.9999998435378075E-002     1.0339625708622384     
   7.9999998211860657E-002     1.0398016658301785     
   8.9999997988343239E-002     1.0456901962609610     
   9.9999997764825821E-002     1.0516275630302498     
  0.10999999754130840          1.0576131696328008     
  0.11999999731779099          1.0636464222898636     
  0.12999999709427357          1.0697267300570803     
  0.13999999687075615          1.0758535049327702     
  0.14999999664723873          1.0820261619664842     
  0.15999999642372131          1.0882441193677199     
  0.16999999620020390          1.0945067986146864     
  0.17999999597668648          1.1008136245630102     
  0.18999999575316906          1.1071640255542767     
  0.19999999552965164          1.1135574335243017     
  0.20999999530613422          1.1199932841110305     
  0.21999999508261681          1.1264710167619651     
  0.22999999485909939          1.1329900748410193     
  0.23999999463558197          1.1395499057347076     
  0.24999999441206455          1.1461499609575732     
  0.25999999418854713          1.1527896962567645     
  0.26999999396502972          1.1594685717156716     
  0.27999999374151230          1.1661860518565357     
  0.28999999351799488          1.1729416057419508     
  0.29999999329447746          1.1797347070751747     
  0.30999999307096004          1.1865648342991737     
  0.31999999284744263          1.1934314706943252     
  0.32999999262392521          1.2003341044747076     
  0.33999999240040779          1.2072722288829083     
  0.34999999217689037          1.2142453422832851     
  0.35999999195337296          1.2212529482536176     
  0.36999999172985554          1.2282945556750908     
  0.37999999150633812          1.2353696788205535     
  0.38999999128282070          1.2424778374409999     
  0.39999999105930328          1.2496185568502254     
  0.40999999083578587          1.2567913680076079     
  0.41999999061226845          1.2639958075989746     
  0.42999999038875103          1.2712314181155122     
  0.43999999016523361          1.2784977479306867     
  0.44999998994171619          1.2857943513751366     
  0.45999998971819878          1.2931207888095122     
  0.46999998949468136          1.3004766266952328     
  0.47999998927116394          1.3078614376631392     
  0.48999998904764652          1.3152748005800217     
  0.49999998882412910          1.3227163006130047     
  0.50999998860061169          1.3301855292917770     
  0.51999998837709427          1.3376820845686539     
  0.52999998815357685          1.3452055708764661     
  0.53999998793005943          1.3527555991842690     
  0.54999998770654202          1.3603317870508729     
  0.55999998748302460          1.3679337586761915     
  0.56999998725950718          1.3755611449504179     
  0.57999998703598976          1.3832135835010315     
  0.58999998681247234          1.3908907187376469     
  0.59999998658895493          1.3985922018947170     
  0.60999998636543751          1.4063176910721067     
  0.61999998614192009          1.4140668512735528     
  0.62999998591840267          1.4218393544430323     
  0.63999998569488525          1.4296348794990610     
  0.64999998547136784          1.4374531123669467     
  0.65999998524785042          1.4452937460090272     
  0.66999998502433300          1.4531564804529189     
  0.67999998480081558          1.4610410228178112     
  0.68999998457729816          1.4689470873388377     
  0.69999998435378075          1.4768743953895631     
  0.70999998413026333          1.4848226755026206     
  0.71999998390674591          1.4927916633885412     
  0.72999998368322849          1.5007811019528161     
  0.73999998345971107          1.5087907413112351     
  0.74999998323619366          1.5168203388035457     
  0.75999998301267624          1.5248696590054782     
  0.76999998278915882          1.5329384737391867     
  0.77999998256564140          1.5410265620821535     
  0.78999998234212399          1.5491337103746068     
  0.79999998211860657          1.5572597122255045     
  0.80999998189508915          1.5654043685171368     
  0.81999998167157173          1.5735674874084007     
  0.82999998144805431          1.5817488843368013     
  0.83999998122453690          1.5899483820192366     
  0.84999998100101948          1.5981658104516216     
  0.85999998077750206          1.6064010069074097     
  0.86999998055398464          1.6146538159350687     
  0.87999998033046722          1.6229240893545720     
  0.88999998010694981          1.6312116862529631     
  0.89999997988343239          1.6395164729790535     
  0.90999997965991497          1.6478383231373153     
  0.91999997943639755          1.6561771175810294     
  0.92999997921288013          1.6645327444047506     
  0.93999997898936272          1.6729050989361509     
  0.94999997876584530          1.6812940837273032     
  0.95999997854232788          1.6896996085454685     
  0.96999997831881046          1.6981215903634495     
  0.97999997809529305          1.7065599533495699     
  0.98999997787177563          1.7150146288573467     
  0.99999997764825821          1.7234855554149158     
   1.0099999774247408          1.7319726787142740     
   1.0199999772012234          1.7404759516004014     
   1.0299999769777060          1.7489953340603253     
   1.0399999767541885          1.7575307932121915     
   1.0499999765306711          1.7660823032944024     
   1.0599999763071537          1.7746498456548874     
   1.0699999760836363          1.7832334087405664     
   1.0799999758601189          1.7918329880870705     
   1.0899999756366014          1.8004485863087814     
   1.0999999754130840          1.8090802130892520     
   1.1099999751895666          1.8177278851720706     
   1.1199999749660492          1.8263916263522295     
   1.1299999747425318          1.8350714674680622     
   1.1399999745190144          1.8437674463938079     
   1.1499999742954969          1.8524796080328674     
   1.1599999740719795          1.8612080043118107     
   1.1699999738484621          1.8699526941751961     
   1.1799999736249447          1.8787137435812640     
   1.1899999734014273          1.8874912254985656     
   1.1999999731779099          1.8962852199035867     
   1.2099999729543924          1.9050958137794261     
   1.2199999727308750          1.9139231011155926     
   1.2299999725073576          1.9227671829089783     
   1.2399999722838402          1.9316281671660678     
   1.2499999720603228          1.9405061689064464     
   1.2599999718368053          1.9494013101676657     
   1.2699999716132879          1.9583137200115268     
   1.2799999713897705          1.9672435345318429     
   1.2899999711662531          1.9761908968637396     
   1.2999999709427357          1.9851559571945554     
   1.3099999707192183          1.9941388727764009     
   1.3199999704957008          2.0031398079404403     
   1.3299999702721834          2.0121589341129531     
   1.3399999700486660          2.0211964298332386     
   1.3499999698251486          2.0302524807734250     
   1.3599999696016312          2.0393272797602444     
   1.3699999693781137          2.0484210267988368     
   1.3799999691545963          2.0575339290986427     
   1.3899999689310789          2.0666662011014512     
   1.3999999687075615          2.0758180645116640     
   1.4099999684840441          2.0849897483288418     
   1.4199999682605267          2.0941814888825965     
   1.4299999680370092          2.1033935298698934     
   1.4399999678134918          2.1126261223948317     
   1.4499999675899744          2.1218795250109697     
   1.4599999673664570          2.1311540037662589     
   1.4699999671429396          2.1404498322506633     
   1.4799999669194221          2.1497672916465236     
   1.4899999666959047          2.1591066707817439     
   1.4999999664723873          2.1684682661858719     
   1.5099999662488699          2.1778523821491400     
   1.5199999660253525          2.1872593307845487     
   1.5299999658018351          2.1966894320930614     
   1.5399999655783176          2.2061430140319911     
   1.5499999653548002          2.2156204125866559     
   1.5599999651312828          2.2251219718453812     
   1.5699999649077654          2.2346480440779328     
   1.5799999646842480          2.2441989898174621     
   1.5899999644607306          2.2537751779460464     
   1.5999999642372131          2.2633769857839154     
   1.6099999640136957          2.2730047991824454     
   1.6199999637901783          2.2826590126210191     
   1.6299999635666609          2.2923400293078373     
   1.6399999633431435          2.3020482612847801     
   1.6499999631196260          2.3117841295364143     
   1.6599999628961086          2.3215480641032440     
   1.6699999626725912          2.3313405041993107     
   1.6799999624490738          2.3411618983342408     
   1.6899999622255564          2.3510127044398534     
   1.6999999620020390          2.3608933900014337     
   1.7099999617785215          2.3708044321937871     
   1.7199999615550041          2.3807463180221871     
   1.7299999613314867          2.3907195444683373     
   1.7399999611079693          2.4007246186414695     
   1.7499999608844519          2.4107620579346989     
   1.7599999606609344          2.4208323901867703     
   1.7699999604374170          2.4309361538493222     
   1.7799999602138996          2.4410738981598064     
   1.7899999599903822          2.4512461833202019     
   1.7999999597668648          2.4614535806816651     
   1.8099999595433474          2.4716966729352632     
   1.8199999593198299          2.4819760543089431     
   1.8299999590963125          2.4922923307708880     
   1.8399999588727951          2.5026461202394223     
   1.8499999586492777          2.5130380527996299     
   1.8599999584257603          2.5234687709268497     
   1.8699999582022429          2.5339389297172263     
   1.8799999579787254          2.5444491971254881     
   1.8899999577552080          2.5550002542101398     
   1.8999999575316906          2.5655927953862512     
   1.9099999573081732          2.5762275286860410     
   1.9199999570846558          2.5869051760274457     
   1.9299999568611383          2.5976264734908834     
   1.9399999566376209          2.6083921716044132     
   1.9499999564141035          2.6192030356375113     
   1.9599999561905861          2.6300598459036766     
   1.9699999559670687          2.6409633980720932     
   1.9799999557435513          2.6519145034885803     
   1.9899999555200338          2.6629139895060638     
   1.9999999552965164          2.6739626998248163     
   2.0099999550729990          2.6850614948427056     
   2.0199999548494816          2.6962112520157135     
   2.0299999546259642          2.7074128662289789     
   2.0399999544024467          2.7186672501786351     
   2.0499999541789293          2.7299753347647093     
   2.0599999539554119          2.7413380694953666     
   2.0699999537318945          2.7527564229027770     
   2.0799999535083771          2.7642313829709000     
   2.0899999532848597          2.7757639575754771     
   2.0999999530613422          2.7873551749365393     
   2.1099999528378248          2.7990060840837288     
   2.1199999526143074          2.8107177553347547     
   2.1299999523907900          2.8224912807872924     
   2.1399999521672726          2.8343277748246551     
   2.1499999519437551          2.8462283746355599     
   2.1599999517202377          2.8581942407483210     
   2.1699999514967203          2.8702265575798047     
   2.1799999512732029          2.8823265339994846     
   2.1899999510496855          2.8944954039089374     
   2.1999999508261681          2.9067344268371254     
   2.2099999506026506          2.9190448885518081     
   2.2199999503791332          2.9314281016874313     
   2.2299999501556158          2.9438854063898376     
   2.2399999499320984          2.9564181709781492     
   2.2499999497085810          2.9690277926241606     
   2.2599999494850636          2.9817156980495869     
   2.2699999492615461          2.9944833442415022     
   2.2799999490380287          3.0073322191862988     
   2.2899999488145113          3.0202638426224948     
   2.2999999485909939          3.0332797668126994     
   2.3099999483674765          3.0463815773350440     
   2.3199999481439590          3.0595708938943691     
   2.3299999479204416          3.0728493711534433     
   2.3399999476969242          3.0862186995844709     
   2.3499999474734068          3.0996806063411273     
   2.3599999472498894          3.1132368561513344     
   2.3699999470263720          3.1268892522309644     
   2.3799999468028545          3.1406396372186247     
   2.3899999465793371          3.1544898941316504     
   2.3999999463558197          3.1684419473433785     
   2.4099999461323023          3.1824977635817504     
   2.4199999459087849          3.1966593529492258     
   2.4299999456852674          3.2109287699639428     
   2.4399999454617500          3.2253081146219995     
   2.4499999452382326          3.2397995334806597     
   2.4599999450147152          3.2544052207622141     
   2.4699999447911978          3.2691274194781417     
   2.4799999445676804          3.2839684225731309     
   2.4899999443441629          3.2989305740884083     
   2.4999999441206455          3.3140162703437217     
   2.5099999438971281          3.3292279611371978     
   2.5199999436736107          3.3445681509621572     
   2.5299999434500933          3.3600394002398302     
   2.5399999432265759          3.3756443265667473     
   2.5499999430030584          3.3913856059754099     
   2.5599999427795410          3.4072659742066485     
   2.5699999425560236          3.4232882279918670     
   2.5799999423325062          3.4394552263431537     
   2.5899999421089888          3.4557698918489690     
   2.5999999418854713          3.4722352119728734     
   2.6099999416619539          3.4888542403524525     
   2.6199999414384365          3.5056300980952777     
   2.6299999412149191          3.5225659750684009     
   2.6399999409914017          3.5396651311775060     
   2.6499999407678843          3.5569308976314344     
   2.6599999405443668          3.5743666781873666     
   2.6699999403208494          3.5919759503714723     
   2.6799999400973320          3.6097622666693288     
   2.6899999398738146          3.6277292556798657     
   2.6999999396502972          3.6458806232260059     
   2.7099999394267797          3.6642201534145347     
   2.7199999392032623          3.6827517096370599     
   2.7299999389797449          3.7014792355031938     
   2.7399999387562275          3.7204067556963154     
   2.7499999385327101          3.7395383767414381     
   2.7599999383091927          3.7588782876738276     
   2.7699999380856752          3.7784307605960712     
   2.7799999378621578          3.7982001511102998     
   2.7899999376386404          3.8181908986111996     
   2.7999999374151230          3.8384075264243336     
   2.8099999371916056          3.8588546417731009     
   2.8199999369680882          3.8795369355564153     
   2.8299999367445707          3.9004591819178707     
   2.8399999365210533          3.9216262375857833     
   2.8499999362975359          3.9430430409620683     
   2.8599999360740185          3.9647146109364084     
   2.8699999358505011          3.9866460454006263     
   2.8799999356269836          4.0088425194365644     
   2.8899999354034662          4.0313092831491470     
   2.8999999351799488          4.0540516591145996     
   2.9099999349564314          4.0770750394121178     
   2.9199999347329140          4.1003848822055442     
   2.9299999345093966          4.1239867078399053     
   2.9399999342858791          4.1478860944159575     
   2.9499999340623617          4.1720886728042448     
   2.9599999338388443          4.1966001210585659     
   2.9699999336153269          4.2214261581872599     
   2.9799999333918095          4.2465725372393299     
   2.9899999331682920          4.2720450376612238     
   2.9999999329447746          4.2978494568790513     
   3.0099999327212572          4.3239916010602677     
   3.0199999324977398          4.3504772750083696     
   3.0299999322742224          4.3773122711440298     
   3.0399999320507050          4.4045023575263960     
   3.0499999318271875          4.4320532648690651     
   3.0599999316036701          4.4599706725065715     
   3.0699999313801527          4.4882601932692010     
   3.0799999311566353          4.5169273572266473     
   3.0899999309331179          4.5459775942645066     
   3.0999999307096004          4.5754162154620079     
   3.1099999304860830          4.6052483932447563     
   3.1199999302625656          4.6354791402927340     
   3.1299999300390482          4.6661132871914432     
   3.1399999298155308          4.6971554588229694     
   3.1499999295920134          4.7286100495040095     
   3.1599999293684959          4.7604811968895637     
   3.1699999291449785          4.7927727546741394     
   3.1799999289214611          4.8254882641369967     
   3.1899999286979437          4.8586309245941619     
   3.1999999284744263          4.8922035628377127     
   3.2099999282509089          4.9262086016620694     
   3.2199999280273914          4.9606480275977436     
   3.2299999278038740          4.9955233579949736     
   3.2399999275803566          5.0308356076228486     
   3.2499999273568392          5.0665852549736101     
   3.2599999271333218          5.1027722084865621     
   3.2699999269098043          5.1393957729311230     
   3.2799999266862869          5.1764546162135554     
   3.2899999264627695          5.2139467368963999     
   3.2999999262392521          5.2518694327430895     
   3.3099999260157347          5.2902192706220319     
   3.3199999257922173          5.3289920581240073     
   3.3299999255686998          5.3681828172633557     
   3.3399999253451824          5.4077857606464272     
   3.3499999251216650          5.4477942704994220     
   3.3599999248981476          5.4882008809513421     
   3.3699999246746302          5.5289972639656355     
   3.3799999244511127          5.5701742193056267     
   3.3899999242275953          5.6117216689034137     
   3.3999999240040779          5.6536286559791966     
   3.4099999237805605          5.6958833492275982     
   3.4199999235570431          5.7384730523494296     
   3.4299999233335257          5.7813842191614775     
   3.4399999231100082          5.8246024744636200     
   3.4499999228864908          5.8681126407823223     
   3.4599999226629734          5.9118987710431208     
   3.4699999224394560          5.9559441871529701     
   3.4799999222159386          6.0002315243975231     
   3.4899999219924212          6.0447427814799211     
   3.4999999217689037          6.0894593759480173     
   3.5099999215453863          6.1343622046778661     
   3.5199999213218689          6.1794317090045343     
   3.5299999210983515          6.2246479440186651     
   3.5399999208748341          6.2699906514804811     
   3.5499999206513166          6.3154393357438003     
   3.5599999204277992          6.3609733420326311     
   3.5699999202042818          6.4065719363734042     
   3.5799999199807644          6.4522143864578778     
   3.5899999197572470          6.4978800426960790     
   3.5999999195337296          6.5435484187156474     
   3.6099999193102121          6.5891992705738121     
   3.6199999190866947          6.6348126739705977     
   3.6299999188631773          6.6803690987861772     
   3.6399999186396599          6.7258494803105888     
   3.6499999184161425          6.7712352865891239     
   3.6599999181926250          6.8165085813701340     
   3.6699999179691076          6.8616520822121254     
   3.6799999177455902          6.9066492133821384     
   3.6899999175220728          6.9514841532556719     
   3.6999999172985554          6.9961418760080614     
   3.7099999170750380          7.0406081874664972     
   3.7199999168515205          7.0848697550691577     
   3.7299999166280031          7.1289141319517393     
   3.7399999164044857          7.1727297752507715     
   3.7499999161809683          7.2163060587763725     
   3.7599999159574509          7.2596332802637429     
   3.7699999157339334          7.3027026634621022     
   3.7799999155104160          7.3455063553615618     
   3.7899999152868986          7.3880374188924574     
   3.7999999150633812          7.4302898214579596     
   3.8099999148398638          7.4722584196796076     
   3.8199999146163464          7.5139389407470913     
   3.8299999143928289          7.5553279607686745     
   3.8399999141693115          7.5964228805176806     
   3.8499999139457941          7.6372218989641230     
   3.8599999137222767          7.6777239849695276     
   3.8699999134987593          7.7179288475080101     
   3.8799999132752419          7.7578369047584310     
   3.8899999130517244          7.7974492523916261     
   3.8999999128282070          7.8367676313539949     
   3.9099999126046896          7.8757943954246752     
   3.9199999123811722          7.9145324787987406     
   3.9299999121576548          7.9529853639237640     
   3.9399999119341373          7.9911570497921653     
   3.9499999117106199          8.0290520208673399     
   3.9599999114871025          8.0666752167979592     
   3.9699999112635851          8.1040320030522661     
   3.9799999110400677          8.1411281425828932     
   3.9899999108165503          8.1779697686127673     
   3.9999999105930328          8.2145633586142086     
   4.0099999103695154          8.2509157095363683     
   4.0199999101459980          8.2870339143207339     
   4.0299999099224806          8.3229253397305332     
   4.0399999096989632          8.3585976055074678     
   4.0499999094754457          8.3940585648582466     
   4.0599999092519283          8.4293162862637594     
   4.0699999090284109          8.4643790365954565     
   4.0799999088048935          8.4992552655163536     
   4.0899999085813761          8.5339535911380651     
   4.0999999083578587          8.5684827869002849     
   4.1099999081343412          8.6028517696350288     
   4.1199999079108238          8.6370695887746844     
   4.1299999076873064          8.6711454166603605     
   4.1399999074637890          8.7050885399051339     
   4.1499999072402716          8.7389083517654136     
   4.1599999070167542          8.7726143454727836     
   4.1699999067932367          8.8062161084781696     
   4.1799999065697193          8.8397233175600469     
   4.1899999063462019          8.8731457347484923     
   4.1999999061226845          8.9064932040171865     
   4.2099999058991671          8.9397756486959672     
   4.2199999056756496          8.9730030695570306     
   4.2299999054521322          9.0061855435285434     
   4.2399999052286148          9.0393332229900114     
   4.2499999050050974          9.0724563356043397     
   4.2599999047815800          9.1055651846420744     
   4.2699999045580626          9.1386701497536915     
   4.2799999043345451          9.1717816881461438     
   4.2899999041110277          9.2049103361200011     
   4.2999999038875103          9.2380667109234622     
   4.3099999036639929          9.2712615128793008     
   4.3199999034404755          9.3045055277403108     
   4.3299999032169580          9.3378096292280759     
   4.3399999029934406          9.3711847817089033     
   4.3499999027699232          9.4046420429594448     
   4.3599999025464058          9.4381925669728997     
   4.3699999023228884          9.4718476067547552     
   4.3799999020993710          9.5056185170547014     
   4.3899999018758535          9.5395167569786672     
   4.3999999016523361          9.5735538924218773     
   4.4099999014288187          9.6077415982603132     
   4.4199999012053013          9.6420916602341027     
   4.4299999009817839          9.6766159764520374     
   4.4399999007582664          9.7113265584416162     
   4.4499999005347490          9.7462355316638689     
   4.4599999003112316          9.7813551354065265     
   4.4699999000877142          9.8166977219630294     
   4.4799998998641968          9.8522757549983861     
   4.4899998996406794          9.8881018069959659     
   4.4999998994171619          9.9241885556720444     
   4.5099998991936445          9.9605487792373300     
   4.5199998989701271          9.9971953503768383     
   4.5299998987466097          10.034141228811448     
   4.5399998985230923          10.071399452296317     
   4.5499998982995749          10.108983125903274     
   4.5599998980760574          10.146905409426351     
   4.5699998978525400          10.185179502742102     
   4.5799998976290226          10.223818628949326     
   4.5899998974055052          10.262836015106696     
   4.5999998971819878          10.302244870381696     
   4.6099998969584703          10.342058361420701     
   4.6199998967349529          10.382289584748252     
   4.6299998965114355          10.422951536004025     
   4.6399998962879181          10.464057075829297     
   4.6499998960644007          10.505618892221142     
   4.6599998958408833          10.547649459183015     
   4.6699998956173658          10.590160991515203     
   4.6799998953938484          10.633165395608636     
   4.6899998951703310          10.676674216131355     
   4.6999998949468136          10.720698578529344     
   4.7099998947232962          10.765249127302960     
   4.7199998944997787          10.810335960067686     
   4.7299998942762613          10.855968557463818     
   4.7399998940527439          10.902155709044571     
   4.7499998938292265          10.948905435346207     
   4.7599998936057091          10.996224906427351     
   4.7699998933821917          11.044120357257526     
   4.7799998931586742          11.092597000436697     
   4.7899998929351568          11.141658936837468     
   4.7999998927116394          11.191309064878322     
   4.8099998924881220          11.241548989258229     
   4.8199998922646046          11.292378930107796     
   4.8299998920410872          11.343797633637157     
   4.8399998918175697          11.395802285482599     
   4.8499998915940523          11.448388428068546     
   4.8599998913705349          11.501549883404548     
   4.8699998911470175          11.555278682823461     
   4.8799998909235001          11.609565005231847     
   4.8899998906999826          11.664397125481536     
   4.8999998904764652          11.719761374476885     
   4.9099998902529478          11.775642112600838     
   4.9199998900294304          11.832021717969976     
   4.9299998898059130          11.888880590911199     
   4.9399998895823956          11.946197175888292     
   4.9499998893588781          12.003948001894958     
   4.9599998891353607          12.062107742073197     
   4.9699998889118433          12.120649293015543     
   4.9799998886883259          12.179543873871951     
   4.9899998884648085          12.238761145014690     
   4.9999998882412910          12.298269345626762     
   5.0099998880177736          12.358035449182557     
   5.0199998877942562          12.418025335395813     
   5.0299998875707388          12.478203976833083     
   5.0399998873472214          12.538535638043950     
   5.0499998871237040          12.598984084755214     
   5.0599998869001865          12.659512800426928     
   5.0699998866766691          12.720085207283248     
   5.0799998864531517          12.780664888818176     
   5.0899998862296343          12.841215810739895     
   5.0999998860061169          12.901702537359160     
   5.1099998857825994          12.962090440545300     
   5.1199998855590820          13.022345898562996     
   5.1299998853355646          13.082436482356586     
   5.1399998851120472          13.142331127156025     
   5.1499998848885298          13.202000287628168     
   5.1599998846650124          13.261416075175669     
   5.1699998844414949          13.320552376380054     
   5.1799998842179775          13.379384951982388     
   5.1899998839944601          13.437891516181752     
   5.1999998837709427          13.496051796397625     
   5.2099998835474253          13.553847573977764     
   5.2199998833239079          13.611262706630910     
   5.2299998831003904          13.668283133618386     
   5.2399998828768730          13.724896864947240     
   5.2499998826533556          13.781093955968780     
   5.2599998824298382          13.836866468900865     
   5.2699998822063208          13.892208422862279     
   5.2799998819828033          13.947115734036284     
   5.2899998817592859          14.001586147572450     
   5.2999998815357685          14.055619162795811     
   5.3099998813122511          14.109215953225856     
   5.3199998810887337          14.162379282819769     
   5.3299998808652163          14.215113419750171     
   5.3399998806416988          14.267424048912039     
   5.3499998804181814          14.319318184230941     
   5.3599998801946640          14.370804081719188     
   5.3699998799711466          14.421891154101177     
   5.3799998797476292          14.472589887706899     
   5.3899998795241117          14.522911762215504     
   5.3999998793005943          14.572869173720564     
   5.4099998790770769          14.622475361486465     
   5.4199998788535595          14.671744338671912     
   5.4299998786300421          14.720690827212232     
   5.4399998784065247          14.769330196977098     
   5.4499998781830072          14.817678409254258     
   5.4599998779594898          14.865751964552503     
   5.4699998777359724          14.913567854667861     
   5.4799998775124550          14.961143518915362     
   5.4899998772889376          15.008496804393836     
   5.4999998770654202          15.055645930122463     
   5.5099998768419027          15.102609454864456     
   5.5199998766183853          15.149406248434525     
   5.5299998763948679          15.196055466271980     
   5.5399998761713505          15.242576527049888     
   5.5499998759478331          15.288989093081772     
   5.5599998757243156          15.335313053280625     
   5.5699998755007982          15.381568508419688     
   5.5799998752772808          15.427775758440243     
   5.5899998750537634          15.473955291548073     
   5.5999998748302460          15.520127774836785     
   5.6099998746067286          15.566314046172691     
   5.6199998743832111          15.612535107071951     
   5.6299998741596937          15.658812116296010     
   5.6399998739361763          15.705166383885773     
   5.6499998737126589          15.751619365348279     
   5.6599998734891415          15.798192655701731     
   5.6699998732656240          15.844907983075469     
   5.6799998730421066          15.891787201550875     
   5.6899998728185892          15.938852282917129     
   5.6999998725950718          15.986125307002434     
   5.7099998723715544          16.033628450226633     
   5.7199998721480370          16.081383972005543     
   5.7299998719245195          16.129414198620758     
   5.7399998717010021          16.177741504151719     
   5.7499998714774847          16.226388288049776     
   5.7599998712539673          16.275376948917355     
   5.7699998710304499          16.324729854040008     
   5.7799998708069324          16.374469304205562     
   5.7899998705834150          16.424617493334171     
   5.7999998703598976          16.475196462436593     
   5.8099998701363802          16.526228047417039     
   5.8199998699128628          16.577733820242852     
   5.8299998696893454          16.629735023017886     
   5.8399998694658279          16.682252494521610     
   5.8499998692423105          16.735306588813813     
   5.8599998690187931          16.788917085557529     
   5.8699998687952757          16.843103091782847     
   5.8799998685717583          16.897882934903972     
   5.8899998683482409          16.953274046913666     
   5.8999998681247234          17.009292839815245     
   5.9099998679012060          17.065954572514475     
   5.9199998676776886          17.123273209583608     
   5.9299998674541712          17.181261272528033     
   5.9399998672306538          17.239929684432575     
   5.9499998670071363          17.299287609138101     
   5.9599998667836189          17.359342286396998     
   5.9699998665601015          17.420098864773930     
   5.9799998663365841          17.481560234389871     
   5.9899998661130667          17.543726861944187     
   5.9999998658895493          17.606596630780988     
   6.0099998656660318          17.670164689079243     
   6.0199998654425144          17.734423309526374     
   6.0299998652189970          17.799361764065608     
   6.0399998649954796          17.864966217470382     
   6.0499998647719622          17.931219643576526     
   6.0599998645484447          17.998101767976863     
   6.0699998643249273          18.065589040837576     
   6.0799998641014099          18.133654643218001     
   6.0899998638778925          18.202268529857193     
   6.0999998636543751          18.271397510828635     
   6.1099998634308577          18.341005373763362     
   6.1199998632073402          18.411053047513111     
   6.1299998629838228          18.481498807189343     
   6.1399998627603054          18.552298519499196     
   6.1499998625367880          18.623405926240931     
   6.1599998623132706          18.694772962760663     
   6.1699998620897532          18.766350107153691     
   6.1799998618662357          18.838086755063877     
   6.1899998616427183          18.909931614137118     
   6.1999998614192009          18.981833111559691     
   6.2099998611956835          19.053739807690548     
   6.2199998609721661          19.125600808600765     
   6.2299998607486486          19.197366170373186     
   6.2399998605251312          19.268987288288937     
   6.2499998603016138          19.340417264520745     
   6.2599998600780964          19.411611248640178     
   6.2699998598545790          19.482526746092624     
   6.2799998596310616          19.553123890758766     
   6.2899998594075441          19.623365678759111     
   6.2999998591840267          19.693218161723205     
   6.3099998589605093          19.762650598793304     
   6.3199998587369919          19.831635567624151     
   6.3299998585134745          19.900149035543038     
   6.3399998582899570          19.968170392821758     
   6.3499998580664396          20.035682450667228     
   6.3599998578429222          20.102671407050998     
   6.3699998576194048          20.169126783867938     
   6.3799998573958874          20.235041339145713     
   6.3899998571723700          20.300410958129689     
   6.3999998569488525          20.365234527056224     
   6.4099998567253351          20.429513793318083     
   6.4199998565018177          20.493253215536459     
   6.4299998562783003          20.556459806803293     
   6.4399998560547829          20.619142974062424     
   6.4499998558312654          20.681314356274882     
   6.4599998556077480          20.742987663676214     
   6.4699998553842306          20.804178520094517     
   6.4799998551607132          20.864904309966285     
   6.4899998549371958          20.925184031371128     
   6.4999998547136784          20.985038156111386     
   6.5099998544901609          21.044488497592219     
   6.5199998542666435          21.103558087014232     
   6.5299998540431261          21.162271058174618     
   6.5399998538196087          21.220652540984112     
   6.5499998535960913          21.278728563644346     
   6.5599998533725739          21.336525963291958     
   6.5699998531490564          21.394072304799785     
   6.5799998529255390          21.451395807329167     
   6.5899998527020216          21.508525278148497     
   6.5999998524785042          21.565490053168933     
   6.6099998522549868          21.622319943596292     
   6.6199998520314693          21.679045188056193     
   6.6299998518079519          21.735696409515477     
   6.6399998515844345          21.792304576294583     
   6.6499998513609171          21.848900966441477     
   6.6599998511373997          21.905517134716252     
   6.6699998509138823          21.962184881415300     
   6.6799998506903648          22.018936222244182     
   6.6899998504668474          22.075803358428075     
   6.6999998502433300          22.132818646227410     
   6.7099998500198126          22.190014565003853     
   6.7199998497962952          22.247423682958161     
   6.7299998495727777          22.305078619636792     
   6.7399998493492603          22.363012004279408     
   6.7499998491257429          22.421256429055170     
   6.7599998489022255          22.479844396213739     
   6.7699998486787081          22.538808258158703     
   6.7799998484551907          22.598180149438988     
   6.7899998482316732          22.657991909650605     
   6.7999998480081558          22.718274996249811     
   6.8099998477846384          22.779060386303541     
   6.8199998475611210          22.840378466247774     
   6.8299998473376036          22.902258908794646     
   6.8399998471140862          22.964730536229489     
   6.8499998468905687          23.027821169475700     
   6.8599998466670513          23.091557462484065     
   6.8699998464435339          23.155964721729880     
   6.8799998462200165          23.221066710881537     
   6.8899998459964991          23.286885441042909     
   6.8999998457729816          23.353440947372519     
   6.9099998455494642          23.420751053346869     
   6.9199998453259468          23.488831124462468     
   6.9299998451024294          23.557693813757297     
   6.9399998448789120          23.627348802168992     
   6.9499998446553946          23.697802537421513     
   6.9599998444318771          23.769057975825540     
   6.9699998442083597          23.841114332066347     
   6.9799998439848423          23.913966842705921     
   6.9899998437613249          23.987606549707714     
   6.9999998435378075          24.062020110762063     
   7.0099998433142900          24.137189643503884     
   7.0199998430907726          24.213092610827147     
   7.0299998428672552          24.289701754370100     
   7.0399998426437378          24.366985082834073     
   7.0499998424202204          24.444905921079616     
   7.0599998421967030          24.523423024902645     
   7.0699998419731855          24.602490765033952     
   7.0799998417496681          24.682059382251278     
   7.0899998415261507          24.762075313590081     
   7.0999998413026333          24.842481587554250     
   7.1099998410791159          24.923218284048449     
   7.1199998408555984          25.004223052581530     
   7.1299998406320810          25.085431680237161     
   7.1399998404085636          25.166778699085533     
   7.1499998401850462          25.248198021224230     
   7.1599998399615288          25.329623588575615     
   7.1699998397380114          25.410990023997883     
   7.1799998395144939          25.492233270222620     
   7.1899998392909765          25.573291203616165     
   7.1999998390674591          25.654104210745061     
   7.2099998388439417          25.734615717146575     
   7.2199998386204243          25.814772659478482     
   7.2299998383969069          25.894525894244786     
   7.2399998381733894          25.973830538454074     
   7.2499998379498720          26.052646239752612     
   7.2599998377263546          26.130937375680830     
   7.2699998375028372          26.208673183639707     
   7.2799998372793198          26.285827824851793     
   7.2899998370558023          26.362380387010948     
   7.2999998368322849          26.438314831408015     
   7.3099998366087675          26.513619891089764     
   7.3199998363852501          26.588288927066689     
   7.3299998361617327          26.662319749757135     
   7.3399998359382153          26.735714412776463     
   7.3499998357146978          26.808478985892293     
   7.3599998354911804          26.880623313515112     
   7.3699998352676630          26.952160764521746     
   7.3799998350441456          27.023107978558343     
   7.3899998348206282          27.093484613276711     
   7.3999998345971107          27.163313096253898     
   7.4099998343735933          27.232618384655105     
   7.4199998341500759          27.301427735043582     
   7.4299998339265585          27.369770485131717     
   7.4399998337030411          27.437677848713808     
   7.4499998334795237          27.505182724527511     
   7.4599998332560062          27.572319519358739     
   7.4699998330324888          27.639123985332194     
   7.4799998328089714          27.705633071013342     
   7.4899998325854540          27.771884785682314     
   7.4999998323619366          27.837918075920577     
   7.5099998321384192          27.903772713470836     
   7.5199998319149017          27.969489193183694     
   7.5299998316913843          28.035108639745040     
   7.5399998314678669          28.100672721780601     
   7.5499998312443495          28.166223571853692     
   7.5599998310208321          28.231803710804773     
   7.5699998307973146          28.297455974823389     
   7.5799998305737972          28.363223443592013     
   7.5899998303502798          28.429149367795098     
   7.5999998301267624          28.495277094244763     
   7.6099998299032450          28.561649986836528     
   7.6199998296797276          28.628311341515932     
   7.6299998294562101          28.695304293411152     
   7.6399998292326927          28.762671714271733     
   7.6499998290091753          28.830456098353007     
   7.6599998287856579          28.898699434905684     
   7.6699998285621405          28.967443065477273     
   7.6799998283386230          29.036727524314507     
   7.6899998281151056          29.106592360283333     
   7.6999998278915882          29.177075938905922     
   7.7099998276680708          29.248215223363914     
   7.7199998274445534          29.320045533645736     
   7.7299998272210360          29.392600283435584     
   7.7399998269975185          29.465910694863446     
   7.7499998267740011          29.540005491869106     
   7.7599998265504837          29.614910573685055     
   7.7699998263269663          29.690648670815417     
   7.7799998261034489          29.767238986876919     
   7.7899998258799314          29.844696830761158     
   7.7999998256564140          29.923033244753661     
   7.8099998254328966          30.002254635471328     
   7.8199998252093792          30.082362415710119     
   7.8299998249858618          30.163352666470516     
   7.8399998247623444          30.245215829478067     
   7.8499998245388269          30.327936441357952     
   7.8599998243153095          30.411492921166882     
   7.8699998240917921          30.495857423141246     
   7.8799998238682747          30.580995766201607     
   7.8899998236447573          30.666867450887548     
   7.8999998234212399          30.753425772934506     
   7.9099998231977224          30.840618040628542     
   7.9199998229742050          30.928385900409612     
   7.9299998227506876          31.016665772008942     
   7.9399998225271702          31.105389390819582     
   7.9499998223036528          31.194484451374585     
   7.9599998220801353          31.283875341944896     
   7.9699998218566179          31.373483956593045     
   7.9799998216331005          31.463230567758778     
   7.9899998214095831          31.553034739824792     
   7.9999998211860657          31.642816262295664     
   8.0099998209625483          31.732496080349470     
   8.0199998207390308          31.821997200652341     
   8.0299998205155134          31.911245551451785     
   8.0399998202919960          32.000170778004211     
   8.0499998200684786          32.088706957202014     
   8.0599998198449612          32.176793218654012     
   8.0699998196214437          32.264374263218230     
   8.0799998193979263          32.351400773858089     
   8.0899998191744089          32.437829717472297     
   8.0999998189508915          32.523624539842935     
   8.1099998187273741          32.608755258903422     
   8.1199998185038567          32.693198464042148     
   8.1299998182803392          32.776937231070789     
   8.1399998180568218          32.859960963786101     
   8.1499998178333044          32.942265173766408     
   8.1599998176097870          33.023851210224855     
   8.1699998173862696          33.104725951467792     
   8.1799998171627522          33.184901468865952     
   8.1899998169392347          33.264394673329782     
   8.1999998167157173          33.343226953175865     
   8.2099998164921999          33.421423811058141     
   8.2199998162686825          33.499014506383546     
   8.2299998160451651          33.576031708391874     
   8.2399998158216476          33.652511163895888     
   8.2499998155981302          33.728491382579676     
   8.2599998153746128          33.804013341759521     
   8.2699998151510954          33.879120211631331     
   8.2799998149275780          33.953857101263857     
   8.2899998147040606          34.028270824943689     
   8.2999998144805431          34.102409687928549     
   8.3099998142570257          34.176323290209396     
   8.3199998140335083          34.250062346507768     
   8.3299998138099909          34.323678520430313     
   8.3399998135864735          34.397224270456299     
   8.3499998133629560          34.470752705235249     
   8.3599998131394386          34.544317445511410     
   8.3699998129159212          34.617972489862019     
   8.3799998126924038          34.691772081331791     
   8.3899998124688864          34.765770571963102     
   8.3999998122453690          34.840022282158692     
   8.4099998120218515          34.914581351772775     
   8.4199998117983341          34.989501579810899     
   8.4299998115748167          35.064836249634979     
   8.4399998113512993          35.140637936626838     
   8.4499998111277819          35.216958295373431     
   8.4599998109042645          35.293847823613810     
   8.4699998106807470          35.371355600449661     
   8.4799998104572296          35.449528996686517     
   8.4899998102337122          35.528413355663119     
   8.4999998100101948          35.608051643563016     
   8.5099998097866774          35.688484069006257     
   8.5199998095631599          35.769747672708299     
   8.5299998093396425          35.851875889181215     
   8.5399998091161251          35.934898083844288     
   8.5499998088926077          36.018839070501642     
   8.5599998086690903          36.103718615912712     
   8.5699998084455729          36.189550940088139     
   8.5799998082220554          36.276344222927840     
   8.5899998079985380          36.364100129793954     
   8.5999998077750206          36.452813370468917     
   8.6099998075515032          36.542471307553306     
   8.6199998073279858          36.633053631556820     
   8.6299998071044683          36.724532120564596     
   8.6399998068809509          36.816870502257807     
   8.6499998066574335          36.910024435086967     
   8.6599998064339161          37.003941623428823     
   8.6699998062103987          37.098562078548312     
   8.6799998059868813          37.193818533153383     
   8.6899998057633638          37.289637012376488     
   8.6999998055398464          37.385937558337545     
   8.7099998053163290          37.482635099323872     
   8.7199998050928116          37.579640448419205     
   8.7299998048692942          37.676861410530954     
   8.7399998046457767          37.774203971615982     
   8.7499998044222593          37.871573539876081     
   8.7599998041987419          37.968876206097448     
   8.7699998039752245          38.066019989352419     
   8.7799998037517071          38.162916035043082     
   8.7899998035281897          38.259479734683786     
   8.7999998033046722          38.355631740698911     
   8.8099998030811548          38.451298854550366     
   8.8199998028576374          38.546414772327275     
   8.8299998026341200          38.640920678114973     
   8.8399998024106026          38.734765681604642     
   8.8499998021870852          38.827907102144778     
   8.8599998019635677          38.920310606477535     
   8.8699998017400503          39.011950211540736     
   8.8799998015165329          39.102808166835473     
   8.8899998012930155          39.192874732932779     
   8.8999998010694981          39.282147873767933     
   8.9099998008459806          39.370632880551803     
   8.9199998006224632          39.458341944556729     
   8.9299998003989458          39.545293694871148     
   8.9399998001754284          39.631512715625590     
   8.9499997999519110          39.717029055327998     
   8.9599997997283936          39.801877738943830     
   8.9699997995048761          39.886098291329411     
   8.9799997992813587          39.969734278663104     
   8.9899997990578413          40.052832872680987     
   8.9999997988343239          40.135444440853341     
   9.0099997986108065          40.217622164156765     
   9.0199997983872890          40.299421682811328     
   9.0299997981637716          40.380900769258048     
   9.0399997979402542          40.462119026736325     
   9.0499997977167368          40.543137611066200     
   9.0599997974932194          40.624018972626523     
   9.0699997972697020          40.704826615026533     
   9.0799997970461845          40.785624866576114     
   9.0899997968226671          40.866478660352151     
   9.0999997965991497          40.947453318421559     
   9.1099997963756323          41.028614335606122     
   9.1199997961521149          41.110027158055445     
   9.1299997959285975          41.191756951831906     
   9.1399997957050800          41.273868356710253     
   9.1499997954815626          41.356425220465276     
   9.1599997952580452          41.439490309078806     
   9.1699997950345278          41.523124988564057     
   9.1799997948110104          41.607388874506192     
   9.1899997945874929          41.692339445983990     
   9.1999997943639755          41.778031621301771     
   9.2099997941404581          41.864517293958365     
   9.2199997939169407          41.951844828544225     
   9.2299997936934233          42.040058517818203     
   9.2399997934699059          42.129198004091180     
   9.2499997932463884          42.219297670240053     
   9.2599997930228710          42.310386008175755     
   9.2699997927993536          42.402484975349481     
   9.2799997925758362          42.495609352822505     
   9.2899997923523188          42.589766121428468     
   9.2999997921288013          42.684953875459691     
   9.3099997919052839          42.781162295905752     
   9.3199997916817665          42.878371707320305     
   9.3299997914582491          42.976552743623742     
   9.3399997912347317          43.075666148292200     
   9.3499997910112143          43.175662733188005     
   9.3599997907876968          43.276483517556578     
   9.3699997905641794          43.378060064345838     
   9.3799997903406620          43.480315025013503     
   9.3899997901171446          43.583162896542284     
   9.3999997898936272          43.686510985810351     
   9.4099997896701097          43.790260567244097     
   9.4199997894465923          43.894308210416170     
   9.4299997892230749          43.998547245620536     
   9.4399997889995575          44.102869328140009     
   9.4499997887760401          44.207166056531740     
   9.4599997885525227          44.311330597261147     
   9.4699997883290052          44.415259267680412     
   9.4799997881054878          44.518853031704047     
   9.4899997878819704          44.622018867370315     
   9.4999997876584530          44.724670972370198     
   9.5099997874349356          44.826731781991818     
   9.5199997872114182          44.928132783095613     
   9.5299997869879007          45.028815117019157     
   9.5399997867643833          45.128729973083217     
   9.5499997865408659          45.227838782117928     
   9.5599997863173485          45.326113225783615     
   9.5699997860938311          45.423535082218834     
   9.5799997858703136          45.520095931655312     
   9.5899997856467962          45.615796747173562     
   9.5999997854232788          45.710647395909682     
   9.6099997851997614          45.804666075002807     
   9.6199997849762440          45.897878704662581     
   9.6299997847527266          45.990318298206901     
   9.6399997845292091          46.082024326021504     
   9.6499997843056917          46.173042087338814     
   9.6599997840821743          46.263422100696999     
   9.6699997838586569          46.353219521049418     
   9.6799997836351395          46.442493588837486     
   9.6899997834116220          46.531307113967678     
   9.6999997831881046          46.619725995568139     
   9.7099997829645872          46.707818776641396     
   9.7199997827410698          46.795656231261326     
   9.7299997825175524          46.883310980758303     
   9.7399997822940350          46.970857134365907     
   9.7499997820705175          47.058369949034223     
   9.7599997818470001          47.145925502519219     
   9.7699997816234827          47.233600373411257     
   9.7799997813999653          47.321471321450375     
   9.7899997811764479          47.409614961281903     
   9.7999997809529305          47.498107422732403     
   9.8099997807294130          47.587023990740995     
   9.8199997805058956          47.676438718282789     
   9.8299997802823782          47.766424005996889     
   9.8399997800588608          47.857050142817755     
   9.8499997798353434          47.948384802749693     
   9.8599997796118259          48.040492494069781     
   9.8699997793883085          48.133433958747148     
   9.8799997791647911          48.227265521776275     
   9.8899997789412737          48.322038392480607     
   9.8999997787177563          48.417797922675604     
   9.9099997784942389          48.514582829885825     
   9.9199997782707214          48.612424397550086     
   9.9299997780472040          48.711345668233818     
   9.9399997778236866          48.811360650149915     
   9.9499997776001692          48.912473561552019     
   9.9599997773766518          49.014678141518957     
   9.9699997771531343          49.117957058942565     
   9.9799997769296169          49.222281453758775     
   9.9899997767060995          49.327610645199066     
   9.9999997764825821          49.433892040680476     
   10.009999776259065          49.541061275566626     
